c = [0.31(17) 0.608(71)]
corr(c) = [[ 1.         -0.90853691]
           [-0.90853691  1.        ]] 

b = 8.8(3.1)
w = [0.37(27) 0.66(23) 0.39(27) 0.41(27) 0.66(24) 0.50(28) 0.54(29) 0.36(26)
 0.43(29) 0.40(26) 0.40(27) 0.35(26) 0.42(28) 0.38(27) 0.39(26) 0.39(27)
 0.48(29) 0.68(23) 0.36(27)] 

logBF = -24.379(41)
