chi2/dof = 0.32

E: [0.90030(51) 1.80007(67) 2.711(12) 3.76(18)]
a: [0.4018(41) 0.4018(40) 0.421(20) 0.53(17)]
a1/a0: 1.000000(10)
