chi2/dof = 2.99

E: [0.90030(51) 1.8000(12) 2.69(13) 4.01(40)]
a: [0.4070(40) 0.4071(41) 0.36(29) 0.49(40)]
a1/a0: 1.000000(10)
